A=[1:7; 9:-2:-3; 2.^(2:8)];