A=[4 5 6 9;7 8 9 9; 8 7 4 5];
B=[0 0 1];
A.*B;
%this will only show row 3