A=[4 5 6 9;7 8 9 9; 8 7 4 5];
B=[1 0 0; 0 0 1; 0 1 0];
A*B;
%this will change row 2 with row 3